-1.528599333686727624e-01
6.205332353216067576e-01
-7.052884474959355998e+00
-3.067590034171096547e-01
-6.985829389522187072e-02
-2.695078941673777706e+00
1.276563219895300305e+00
4.646608697141547117e-01
-4.292769124654777224e-01
1.056274635376609206e-01
2.737328993419613443e+00
2.370149958139057933e+00
-1.469310266420927658e+00
-9.936259639564332113e-01
1.229828159646558783e+00
3.154384117208430260e-01
-3.188805220177519217e+00
-1.526340967001855176e-01
-4.534817436156097337e+00
-2.498312515394910671e-01
1.680665079731616274e+00
1.594004870044485989e+00
5.825626571562598777e-01
1.703253758974433429e+00
4.058218370229216831e-01
-1.198664309385755189e+00
-1.714843387946232145e+00
2.074305233596868414e-01
1.395712341355386688e+00
9.147310861613788813e-01
-1.089869093864591632e-01
-1.121321594141175826e+00
-3.944557048100841290e-01
-1.047502960579161702e+00
-1.217703460720039210e+00
-4.291453819567723205e-01
-1.670905359366039900e+00
1.939215359591708765e+00
8.561003887550489022e-01
-2.990493140033892439e-01
9.728138911040845604e-01
-2.303152740707965940e+00
1.414033251861567697e+00
1.482840142825591734e+00
5.902736927640118703e-01
-9.921875955237756672e-01
-2.735201547637710284e+00
-3.221071365125889763e+00
-1.026401100645818021e+00
-2.185883410504930957e+00
-1.787451379188345957e+00
7.803122296557210014e-01
8.829258789482286041e-01
4.039158004575394423e-01
-7.635768230941935020e-01
-1.930606039403086616e+00
-4.968496624057122668e-01
-2.759783234123145856e+00
1.183402839791902528e+00
3.517075682205373921e-01
-1.271735332456768841e+00
1.768296161174727654e+00
-1.195745995790497451e+00
-2.072698949677835856e+00
2.016777539012188480e+00
2.664133409002289454e+00
-2.312063026659276765e+00
-4.593072800396066913e-01
-1.169262099520749665e+00
-2.935423631864899185e+00
-1.384257590169630792e-01
1.475221536953057022e+00
-3.142485084205520529e+00
-4.113623028040767515e+00
3.764295654579853601e+00
3.310270465874102452e+00
2.094911790283860764e+00
-2.132108414481877823e+00
6.633374449762463598e-01
3.637803510162705978e-01
2.216403402410586920e-01
-4.414341982833720479e-01
-1.357037060618044633e+00
-1.513296842696181921e+00
-1.822790671984726218e+00
-1.627765768456213458e+00
-1.084281669515928526e+00
-1.328749317531401797e+00
-3.455833395217695614e+00
-9.937932363796921909e-01
-1.050494938623315111e+00
-2.323854856709930417e-01
-2.129825000887936026e-02
-2.755187470701849217e-01
1.521910250001336840e+00
7.150001533219987326e-01
4.981929763282630930e-01
9.434977434839254551e-01
-5.855859878553348885e-02
1.369021830628260217e+00
-3.001042618696227571e+00
-1.146380382094859124e-01
1.886304667175002781e+00
-1.444679707674540570e+00
-1.115663683060432732e+00
1.219531630287445045e+00
4.158380696886422534e+00
-2.130745474312671084e-01
4.404773126953824836e-01
-1.283261114085019194e+00
1.058399663052454587e+00
1.155305664467042304e+00
-4.554266180146336218e+00
-2.376186084478393579e-01
1.929493486480959641e+00
-3.155463445275840328e+00
-2.327651604889450443e+00
6.429992491994661330e-02
1.069965176072848356e+00
1.993481249543941569e+00
5.621499339672796358e-01
-4.492091003715035780e-01
8.529812597454273781e-01
-2.387419068033761693e+00
-1.071164051702194309e+00
-9.766244582150046538e-01
6.420019173935083145e-01
1.725819913385711502e+00
-8.221094899392479560e-02
-4.396116469859925324e+00
7.651828788690691052e-01
-1.431526119650944784e+00
2.301619332812378238e-01
1.996452438669783502e-01
1.251781605156580546e-01
-1.224245464259459348e+00
-1.610660008577990077e+00
-8.437514734572085784e-01
-1.033328711572045755e+00
1.253411801819507732e+00
8.670529192887729275e-01
3.021593561943279216e+00
-4.571580210159242874e+00
8.040849027667332782e-01
-3.308539148912208461e+00
-1.968187624206883646e+00
2.550348854421314648e+00
3.279561403530162345e-01
2.330499726410706351e+00
-1.310428170898645384e+00
-2.248691343644824592e+00
-3.972901375112067868e+00
-8.483411807806672256e-01
3.915496909228564082e+00
1.219690220114432400e+00
-5.415214709467223164e-01
1.383363513305132964e+00
1.279510541943374990e+00
-9.750834370723105993e-01
1.211807001428353514e+00
-1.714669799730205446e-01
1.469228369550830138e+00
2.242609659870340000e+00
2.133584812979840706e+00
-1.435512810201226230e+00
-1.418370887959393034e+00
-4.693861607501462752e-01
-1.318010689220347587e+00
-2.001186624967401961e+00
2.241083428717988824e+00
1.061332672882730144e+00
-3.555396555289309646e+00
-4.726010256186757630e+00
-4.940575849673320419e-01
2.676200733889142480e+00
2.876026856503351326e+00
-7.588523227907481017e-01
-1.878442079192040648e+00
-1.665020644319239906e+00
5.205777548854929604e-01
-6.980218839549241494e-01
-3.089221436963631717e+00
2.162971886409216893e+00
-1.119868709687541264e+00
-1.097375905937386209e+00
-7.872047698754860434e-01
-1.086860189440443492e+00
-1.350646027812190120e+00
-1.240841839221981796e-01
-1.833614346252342986e-01
7.898504872630227602e-01
-9.829445888780317109e-01
2.484286493655043504e+00
-2.439725182824979299e+00
5.702265277839136948e-01
-4.696087742252927910e-01
-3.013508551588480744e-01
-4.372908425060590076e+00
3.829121030422489635e+00
6.144101885815138608e-01
1.075734504404239011e+00
-2.038875286462842773e+00
3.306125360965754378e+00
-4.547486681984586609e-01
1.201719798927794569e+00
4.500032146897215424e-01
-1.606544793336850130e-01
-2.222891930544000250e+00
1.772174864372585423e+00
-1.095082625537189935e+00
-7.933544886984211786e-01
-5.635567973671982145e-01
-3.009677307614358366e+00
-3.158113713199544037e+00
-2.110154888305550092e+00
-1.350899287855664710e+00
2.577339146148673321e-01
6.650805000157148372e-01
-8.586205530140625930e-01
9.444140469127101367e-01
-1.013828062203052438e+00
8.846907589635594205e-01
-2.163424043873879210e+00
1.876252970730114988e+00
-1.840131948879700219e-01
6.794643099614955384e-01
2.197979977528041751e+00
-2.219178289158716955e-01
-1.439728735710258112e-01
5.694271306744925765e-01
-3.672482908679090663e+00
-5.444521785481102327e-01
3.002785361957128529e+00
-1.015148412109326381e+00
2.417710025251339268e+00
-2.942834893995299961e+00
-3.962679273538609326e-02
-2.342018676275496314e-01
-3.867640407369054678e+00
1.559934273463607468e+00
-2.964414784248149193e+00
-2.119638368477358981e+00
4.736192973906665493e+00
8.699667477752063074e-03
8.075397470948437739e-01
-6.347511379945256493e-01
-2.630015495336281428e-01
-2.086337908964126520e+00
-1.767427010858673153e+00
9.063397883786540321e-01
-4.009585428724053102e+00
-1.300755011794745508e+00
-2.331774900319403709e+00
1.054796627503019391e+00
-5.350161732518173840e-01
2.991530978378546202e+00
1.935846629775865579e-01
1.387886439332380872e+00
-2.056200989505171162e+00
-2.210936882926119118e+00
-2.697640233369713592e+00
-2.607916903412318188e+00
2.559017000006922338e-01
-8.681207731463450594e-01
-1.708887736511750965e+00
-5.603789397681462336e-01
-6.930949715810873490e-01
-2.556989891146193905e+00
-2.013639410563162979e+00
4.046089384595739524e+00
-3.533909260402748664e+00
4.971104304919332861e+00
4.672046439229545989e+00
1.579771186934202654e-01
1.416396832554319252e+00
2.781214285525748786e-01
-1.322158311474129988e+00
1.732569798316721255e-01
1.065866958228727457e+00
6.265465386440774997e-01
2.815391065223766809e-01
-5.441656398568773811e-01
-5.291228926479824013e-01
-1.533628768378629159e+00
1.439254297703963736e+00
2.491622445013577103e+00
-2.712638016780311911e+00
1.520922409120713636e+00
2.912457986254288311e+00
2.664175971219998051e-01
-5.237588938104296155e+00
-5.626749812622400260e-01
-1.267768244805662858e+00
-1.720867497898972864e+00
1.973379253532067112e+00
-1.338822580752227376e+00
1.379996749216925833e+00
-1.394049338983741393e+00
4.151848033507794078e+00
-1.248954299813220370e+00
-2.645351814863241113e+00
2.579200383616252701e+00
-2.794194432341023937e-03
1.805910219379307957e+00
2.521908056302274659e+00
3.772068316976216806e+00
2.525748801596687354e+00
-4.237450447291337130e-01
5.561414483665096942e-01
-3.008595022876899838e-01
1.294960638328682245e+00
2.762786218882405317e-02
-3.601886398418234769e+00
-3.065191476276651894e+00
2.937720669127772855e+00
2.169923330324564859e+00
2.682748311371829786e+00
2.067126037385806470e+00
-1.754172579363635798e+00
-2.000394169231724639e+00
-1.322303072884414510e+00
2.059190252808460464e+00
4.354809101867193277e+00
3.180471107186261914e+00
8.053819399982532490e-01
-1.850097693133303745e+00
-3.218575537547994636e-01
-1.878024656015422345e+00
-6.939948125412606084e-01
1.747096760995331399e+00
-6.102571541537948008e+00
-3.238700057699832158e+00
2.333093212177450138e+00
-1.192198221790697066e-01
-1.290992555215214832e+00
-4.500515603786748642e+00
-4.538383919335720051e+00
-3.893763064235013616e+00
7.267427491500770831e-01
3.784419632868153194e+00
4.721224666529548197e-01
3.212961363675956861e+00
6.879680313784556356e-01
-5.075278788121387885e-01
-2.926959938516158211e+00
-2.495984374785229054e+00
4.519012731687147566e-01
4.448436870885633887e+00
-2.506000734843447098e-01
-8.136518408671064573e-02
1.073779894642458599e+00
-1.822831422318604844e+00
-1.153850983621107940e+00
-2.469074701615481260e+00
2.925661225598681359e-01
-2.832590495141643849e+00
1.064941542832882337e-01
6.497941016175194928e-01
3.999141968433682415e+00
-2.623950517983080974e-02
2.569392850421047481e+00
-2.197825567642542666e+00
1.863797473531247029e+00
3.867776355099595165e+00
6.753865991335818997e-01
-3.367834941604935128e+00
1.856505587599765583e+00
2.879788399181658853e+00
1.581314745393155308e+00
-3.023055562397206408e+00
-6.323740767099109705e-01
2.568546095031305043e+00
1.557313065365046656e+00
1.496740392869326364e+00
7.571870740234808439e-01
-1.005986268362425662e+00
3.021451318074976911e+00
-2.478409657041604319e+00
1.455568616412896032e+00
1.141225417473706427e+00
1.874442771880033554e-01
1.671697174464334745e+00
1.975145450877486830e+00
2.694870802756570427e-01
2.884260681410214300e+00
1.078357523968785259e+00
-4.042895346109064647e+00
-7.180973660988166918e-01
-1.088288213780420843e+00
6.393020672778532143e-02
2.318514808497806889e+00
5.964173424770501386e-01
3.105472005398880686e+00
4.172296524740885526e-01
-2.118293375726814975e+00
-1.806884650538476800e+00
1.916050189260034009e-01
-8.449627908360216599e-01
-3.169806903287893274e+00
-3.127722882573949814e+00
3.402817784616701258e-01
2.006485922922641496e+00
2.921031165473458313e-01
-2.478915331476434503e+00
9.556848347782010977e-01
1.160475549282398378e+00
1.594483193404481636e+00
-2.447577499424798297e+00
-4.118321534992516741e-01
-5.322940768782842280e-01
2.622913092374188349e+00
9.057110528931026083e-01
-1.722533152476797058e+00
-7.269679451746084986e-01
3.063121833970465335e+00
2.075298873513830689e+00
-2.631670244810282000e+00
9.429920303828566164e-01
5.836161402037950280e-02
-1.252635134310193132e+00
4.714562234359455095e-01
-2.411576068380242521e+00
3.365725448314919710e+00
1.778615251834647637e+00
-1.224924090794957898e+00
2.948865137151390314e+00
6.696490456036118255e-01
-6.831553974886275249e-01
1.072748657369823055e+00
1.298704318262968727e+00
-1.134244912838512642e-01
-5.176441194689288539e-01
2.350576237909552724e+00
2.521885568198804606e+00
2.124916158214338768e+00
-9.240448926698069387e-01
-7.574604076146018716e-01
3.659673604990486329e+00
1.617573340239814694e+00
1.296935840453106392e+00
3.270894991865189727e+00
4.718307831998146185e+00
-3.553801969939576755e-01
-1.035565703603841675e-01
-1.718774414070072809e-01
1.074300819871806256e-01
-4.616919985738626941e+00
1.657923529658354989e+00
-1.214766150352411395e-01
5.240482733423931450e+00
-4.322860956923818554e-01
-2.921835495485094025e+00
-1.074642429894251183e+00
-2.814812845042808376e-01
-2.641113896302928143e+00
1.047880367573910787e+00
2.400487052026036294e-01
-5.756287935582581339e-01
6.433401962764029314e-02
-1.221183354113798192e+00
-5.269708791607693454e-01
-1.189247725328587135e+00
1.396165408589381096e+00
1.207594964359571810e+00
1.165540914460146737e+00
-8.714227511855849873e-01
2.924379840942765263e+00
-2.368473930728262289e+00
-3.715280940534734899e+00
7.407828295571369237e-01
1.233341306175639529e+00
5.079234381149391742e-02
-4.433136094408464123e-01
5.960261390097382206e-01
-1.080599696681949551e+00
3.029542856293696573e-01
6.190445650476407435e-02
-1.734768469249736988e-01
-1.994663123841320163e+00
-4.328718684183165966e-01
4.827201100335424044e+00
3.672721413111875499e+00
-3.170195391846357236e+00
-3.008917613954228631e+00
4.233628800923058044e+00
-5.302326687085887613e-01
1.431412382379923243e-01
1.093136629729237086e+00
8.965850443433014405e-01
2.339733690821257650e-01
1.319434643075753311e+00
1.301396202066865904e+00
1.644135276865849038e+00
-3.478714702486225718e+00
-6.797241376873103258e-01
-4.958505589258146995e-01
6.960876020556729937e-01
-4.732691339127101493e+00
1.394355295259381622e+00
1.845035954734422778e-01
1.378055034958910685e+00
3.384539929705517647e+00
1.945956123969501961e-01
2.772790755785035977e+00
-2.666455636145475872e+00
1.023122060392300581e+00
2.311136283858848284e+00
-2.990692061977023863e-01
2.266154537018639559e+00
2.646672628027333385e+00
-1.184865247920272813e+00
1.050446649910740798e-01
-2.935244406983454457e+00
1.135194297912515582e+00
-3.042515962657466044e+00
-1.348310785537591094e+00
1.224744775687044651e+00
1.949647963570570131e+00
-1.750021307415136965e-02
-1.727378499762953101e+00
1.851885629526556221e+00
2.573002690494785138e+00
1.518780330811909218e+00
-2.873140095311646380e+00
-1.353888910237444620e-01
1.394637819290567293e+00
1.123135569771307907e+00
-2.320973887066879460e+00
5.034321655538270823e-01
-3.128157128820895139e+00
-1.547400391410233444e+00
-1.763120776046314120e+00
-2.448139826028265520e-01
2.621512676126720898e+00
-1.117636676351615233e+00
-4.223479859020793370e+00
-4.701928238752778877e-01
1.021046305005990584e+00
-4.028472773631422976e-01
1.967275005623690065e+00
1.693556754839319056e-01
-2.102726237633518735e+00
1.350135576999811571e+00
-2.005200650588214728e+00
-1.373070582788069038e-01
-7.422048727615786490e-01
-4.579689391509254470e+00
-6.718479783072316414e-01
4.235140218545845325e-01
3.297127786500969826e+00
-1.887598586590264693e+00
2.419378121359806733e-01
1.336954784395028017e+00
-1.616956244409435417e+00
-2.643048488451841926e+00
-5.404690049759133252e-01
7.569884626855313270e-01
2.708291008979029524e+00
-2.536777218555634761e+00
8.681250349191724780e-01
-1.961899458955119524e+00
4.208334215229633024e+00
-3.686499202766539973e-01
-2.772800038252773991e+00
-5.552386066171658641e+00
-1.048943245769214452e-02
-1.957909085310930219e+00
2.195398245528674241e+00
5.528650263644363516e-01
1.280728195246130463e+00
7.874587960938421727e-01
-5.945026484652847776e-01
-2.725194816268288606e-02
1.409134990708944768e+00
-2.107422204278078581e+00
-3.995287502496510434e+00
-3.807203071566400698e-01
-1.103835418293238613e+00
-3.806806622516588412e+00
1.343684762749669082e+00
-4.589483566332562825e-01
3.387628679049447644e+00
-4.856758019280468797e-01
-3.357651555960972534e+00
-2.614703618501486471e+00
-1.277713389464296134e-01
-8.069401854589908218e-01
-4.268134774739651860e+00
-1.071506924612516676e-01
2.888870334951101793e+00
-1.578365413585828936e+00
2.735817050925581029e+00
3.443095204042920798e+00
1.935960320802951218e+00
3.319383668441316271e+00
-3.862729594383976228e-01
3.625267104520086381e+00
4.840497620889784081e+00
6.342949326433451329e-01
-2.154694767847057602e+00
1.590420271370651895e+00
-9.330739590543331019e-01
-3.330727835648109036e-01
-3.637246033956003988e+00
5.513460432053939320e-01
1.281270543178401611e-01
-1.823995586210913622e+00
6.708890017944002526e-01
1.310212222661541137e+00
4.891011889657308487e-01
1.500412835712681359e+00
9.628593226516967141e-01
2.340775466923894044e+00
1.971533814468092727e+00
-3.863197314294308793e+00
1.089613397796977967e+00
-1.406465709588970991e+00
1.994119098748234453e+00
-5.345165853198579065e+00
-2.464427472727884538e+00
-2.890764581784191489e-01
-1.902598758723179406e+00
3.230295742639224810e-01
2.374299496763130346e+00
-1.068309401325689523e+00
3.878024762201950359e+00
-6.942662652134737877e-01
-1.745439714664428488e+00
3.422462964519829676e+00
-1.957409628513662181e+00
-2.693075869457495775e-01
3.293779381624943436e+00
-9.302881649164237432e-01
6.312692078360122583e-01
9.310657888596469700e-01
-1.780945063286494490e+00
2.991707154712943129e-01
2.390181064251988285e+00
1.705525885490365434e-01
-3.119616479560725963e+00
-2.024026251997593562e+00
1.263877178291721748e+00
1.311176821580449126e+00
-2.477856625057043960e+00
2.765187167904734178e+00
-3.416502542092913153e+00
3.995328737142826547e+00
1.658280790924232084e+00
6.270591003601459767e-02
2.611038981623496014e+00
-1.780818873802332281e+00
-1.608542827386066021e+00
2.536858166164377426e+00
-5.622205095991301693e-01
-1.402807974663111912e+00
3.344798956499133613e+00
6.592079325639585985e-01
1.805496015988798275e+00
-2.433277890144729838e+00
1.461204029067855847e+00
4.214801972152365295e+00
-3.579408835829467894e-01
-3.284841793692149903e+00
-1.357971383068909965e+00
1.506545639523561020e+00
-2.889736940615456273e+00
1.693986189413190457e+00
-4.768877698794876885e+00
1.079879236864955239e+00
-2.525491160421607262e+00
-1.101023285834188847e+00
-1.196233667532776934e+00
-4.058044575332809822e-01
1.961365108965241744e+00
-9.250675301117290417e-01
4.579286865724098154e-01
3.423248580546478070e+00
3.241719813909470282e+00
-3.000512438229165468e+00
-6.236172204277679043e-02
-5.870369815586775619e-01
5.509073477985427791e-01
1.536269465149510127e-01
7.060129231134053551e-01
-1.160604971118973205e+00
-9.551958059204707085e-01
-1.472249736970342671e+00
-3.495773084628239213e-01
5.868037276888492526e-01
8.582366083546254520e-01
-4.470496490999209538e-01
-7.226559486552743827e-01
-4.988123283243265371e-01
1.129117849758730863e+00
2.929155277017975845e+00
-1.496568716914051578e+00
1.239023398608870785e+00
-8.749414694814801052e-01
-9.746618472038133252e-01
-2.787602633929252338e+00
1.888643718851548803e+00
-1.583574053746144905e+00
-7.090459809756826104e-01
-2.292373152447030105e+00
-2.437777485181835679e+00
-2.106424498254300559e+00
-9.273158853692338166e-01
-1.544611460802790104e+00
-3.143428307811646061e+00
-8.661279176879459474e-01
1.939983739124539364e+00
-6.637899519226324596e-01
7.314282145727846185e-01
-3.661007420471623419e+00
1.340988786551967848e+00
-3.333496822907355828e+00
-6.756600336206812774e-01
-1.515264868272331755e+00
-6.946447113663171136e-01
3.065619042455161591e-01
3.225882335302773463e+00
7.075912359851603828e-01
-6.315642706661068750e-01
5.419117603732748201e-01
-1.171377124010463344e+00
4.907141689863737111e-01
-3.522740348183791781e+00
-7.688880419759828166e-01
-4.125128261518273831e-01
7.292237770571337041e-01
-2.241624238320679474e+00
2.271671085848061100e+00
-1.447364816488070759e-03
-4.591084326898509094e-01
2.418873073477938007e+00
-3.512355329666503767e+00
-2.722702598948482322e+00
1.902288885521489226e+00
1.031934012181590088e+00
2.794070733985491439e-01
-1.008888705836950894e+00
1.928702804278191518e+00
3.581161040778451654e-01
6.759859791986999600e-01
1.730982693831188080e+00
1.417135965799086073e+00
4.828854256013726420e+00
-5.446047455834140960e-01
1.293655443380400394e+00
1.489153451450639931e+00
1.390215463611339741e+00
7.267012701812086521e-03
-1.672690623627443474e+00
2.303071947808496667e+00
-5.093787500524777911e-01
5.545767338892886311e-01
-2.265357435151285515e+00
2.118164088989559879e+00
-3.725057025251333087e+00
-1.125883006985281432e+00
2.433454396099826444e-01
-1.922085484743370376e+00
-3.941363531960736521e-01
-1.016780817225286571e+00
-1.420253473352905527e+00
5.406356644853083537e+00
-3.137666983905634588e+00
-2.226522780551555947e+00
-6.937268056266659988e-01
-1.681721698889712791e+00
9.066884447065490793e-01
-3.770086004712709937e-01
3.311005238810125206e-01
5.509387297711182407e-01
7.012327482330760198e-02
-9.804127495916916679e-01
-3.264297711236067712e-01
-4.780983591871966754e-01
2.966511355226123747e+00
-1.287008858783544207e+00
-2.345058690832526160e+00
1.928409096778026743e+00
-2.186432280955328711e+00
-7.272841004631135364e-01
2.282689872729876335e+00
7.417578883574279525e-01
1.312969877014348308e+00
-3.136540799133552770e+00
8.112422674678487766e-01
-1.657444629893708665e+00
-4.663395837091638407e-01
-1.257931189576326769e+00
1.129588590606976028e+00
-2.383527777224235145e+00
1.595000164206388793e-01
6.180598393681124847e-01
7.038428241003542585e-01
-1.908429917741015114e+00
6.254522743043626321e+00
4.003333376709975605e-02
1.707072553467208487e-01
-1.220995624893462139e+00
1.165931192638935965e+00
1.905656151773550966e-01
-1.988176869192266327e-01
3.938925902023477504e-02
9.218479547891313963e-01
-4.159584592304944373e+00
1.786709720179993965e+00
1.493825313236850416e+00
2.378245547480753341e+00
1.201758054296719891e+00
-2.439324316794345915e+00
-6.302963818422110398e-01
-1.500286280880032574e+00
7.786192288210446177e-01
1.033043460284460480e+00
-3.676567439239209478e-01
1.566193961063874651e+00
1.660817569891640755e+00
-1.791449275606227909e+00
-1.634857378003386597e+00
1.060111573097714199e+00
4.732924541808261609e-01
1.044481714519539306e+00
-1.144185312751955008e+00
-2.891142062526540268e+00
-1.000370023235968908e+00
7.968573107582616055e-02
2.076186989876284805e+00
1.564105134082041548e+00
-1.201455309788560799e-01
-6.189459662336416201e-01
9.127675848290753846e-01
2.606746787700928714e+00
-3.290005081768990980e+00
1.497111894821753442e+00
-2.998068964841090978e+00
-2.068395845953729939e+00
7.345129412670418911e-02
1.472701046108110701e+00
3.287924875405936032e+00
1.041576839627612161e+00
5.100419454767265298e-02
-3.449237602786049184e+00
-2.604411344145264096e+00
2.816027611412511567e-01
-3.856337575841696785e-01
-2.454987854178696804e-01
1.461502542425123341e+00
-1.975040988722602808e-01
-1.762730313162948759e-01
7.930368366495444965e-01
1.128350198493089485e+00
2.096063744120316930e+00
2.871241042594623316e+00
5.955723541185448111e-01
-7.780732203350345655e-01
3.785597084953032931e-01
-2.699683786055405932e+00
-3.708207268735859152e+00
5.496644094553093662e-01
1.687021482892344659e+00
1.209444081438752816e+00
-7.287873777421082222e-01
-1.884282121848877667e+00
-1.710093496840606964e+00
4.256293304354316298e+00
-3.001629966193438470e+00
1.219767926279171411e+00
2.743252241093523836e+00
9.564291207593169641e-01
2.711533320032388783e+00
-1.021958259005193881e+00
7.242042765030081153e-01
-3.267943250305331393e+00
-2.478562201264658260e-01
1.337304336285506601e+00
1.339666201674556412e+00
2.512534273302658772e+00
3.014575438694621301e+00
1.881401257130778548e+00
-1.734957943850561124e+00
1.702233932240500680e+00
2.309206903067992922e+00
-1.780164708626241321e+00
2.567431866959301701e+00
-2.108392871178326189e+00
9.548894716948318484e-01
-2.427132576979519119e+00
2.840086863616185120e+00
-7.086212403868829002e-01
1.228924695211712104e+00
1.228179537699157775e+00
4.493969419772071427e-01
2.451611907274799496e+00
2.200789901530555870e+00
1.408452183943133207e+00
1.249912423727664645e+00
-7.917820708404965657e-01
1.207771956664413837e+00
-3.670271268874078507e-01
-2.267888083077347627e-01
-3.606053683281233713e-02
-1.505043040618900596e+00
-7.961970994581341055e-01
4.132814672726490279e+00
-8.779270655504443077e-01
-9.813111770874549319e-03
3.623934927717698873e+00
-1.918661230247874716e+00
8.343972386797025020e-01
2.029162873296967540e+00
3.236161710920655743e+00
5.326533753163154722e-02
3.962315585025623310e+00
1.067142168048624828e-01
2.457717160110690635e+00
-9.990840992701600642e-01
3.003875615505036123e+00
1.766030740592860804e+00
-1.562764509428113069e+00
-8.490648314883523229e-01
-1.203952964515156321e+00
-1.041758441084296161e+00
-5.510964212698880038e-01
-2.822938436782144400e+00
-1.257899249512785866e+00
4.391351689206667852e-01
-4.855560590254662801e-01
-1.408353180188319786e+00
-2.273603446675940720e+00
-2.870670812990884890e+00
-7.465073640599473315e-01
4.088984418027094669e+00
-4.619315613093203932e-01
1.600061029019300696e+00
2.034694727505391931e+00
-1.879225191374127135e+00
5.043184390775422576e-01
-2.351490362366014608e+00
1.522651891902968790e+00
-1.570719622474838539e+00
7.289390374408443174e-01
-2.086105391732582692e+00
9.273386775544081306e-01
-5.140224126808039529e-01
3.371998868118222803e-01
8.248006808395299538e-01
1.199543926266300131e+00
3.214943302937516290e-01
-2.241227875283764437e+00
5.588461808207319415e+00
5.491671077349482566e-01
-2.816424364442791539e+00
-1.356550802048314575e+00
-6.152089487890258779e-01
-2.965598896815551666e-01
1.007390804238928350e+00
1.668055303159008684e-01
-3.782511527043359023e-01
7.037471246579634077e-01
-1.144040228277365179e+00
9.283126657864838871e-02
1.938535534768934365e+00
3.092372455092073924e-01
-3.860377376936137583e+00
-1.231925183870258733e+00
8.476410917953852708e-01
2.117051710177332069e+00
-2.003663671351323838e+00
2.256124042106054661e-01
2.606568770784180256e+00
2.941662236902291117e+00
1.879080870796691283e+00
7.187988880782312240e-01
1.471478967927497328e+00
-5.155695069973997846e-01
-3.323406617170111765e+00
-1.870607877479796288e+00
-3.222567486574481332e+00
-3.884281138530807809e+00
-7.898049578121077996e-01
2.631426483494679669e+00
3.384031248205054965e-01
2.087309361280387687e+00
-3.509023213982569445e-01
-1.478009732145059374e+00
-9.263115032407146510e-01
-5.535815000724102486e-01
-2.416276824874809659e+00
-3.650050322483920251e+00
-1.329704830488575018e-01
-3.580997871602532356e+00
1.133297722955020737e+00
2.419219100465964445e+00
4.123714754739882693e+00
1.413172240461616283e-02
3.744127995396227537e-01
1.506927247771332690e+00
